5 1.0 5 5 2

2.4320957846257043 -5.586147594921661 -2.773438213303266 5.589213946155716 2.7551914397006856 -5.575093923890073 
0.08901345628190518 -3.8695774521722637 -2.061788604459918 3.833417383549882 2.013358090356262 -3.878015674725267 
-3.6124559940633616 -4.376098211726076 -1.8697228518816866 4.562208560409936 2.0579914292694617 -4.359924743774202 
-4.069159884940791 -4.206191613831501 -2.7097780142928927 3.9040781745729554 2.589496455116675 -4.192436695154424 
6.922848820192608 -6.5357305646874675 -3.5308769304664547 6.552698007783947 3.5509256873120854 -6.5446809500642775 

-5.944552964234239 0.6300859363968865 5.2579700454633125 7.639120994625903 7.208093960231056 0.2257811212109314 
5.18429799109565 -5.719873055119159 -3.338795819786779 0.048092468287207514 0.014643124919605708 -6.530887007409098 
7.307456663306043 -7.953390784017598 -2.496313537160239 7.145524476454223 6.736170556365399 -2.155218889421367 
5.602945936324611 -7.5562201629364125 -3.2043155764737112 5.6929406352596645 6.505067680655544 -4.269119436676993 
5.0816896302144325 -5.8014529105984405 -4.389088064145312 0.21106309788472094 0.1715112887920511 -10.674249430839938 

-8.610138895510659 5.293166427592221 4.727318374360452 6.750202811258944 -6.886215370999044 4.412960405130204 
-3.0245465084679837 -8.685208420969303 -9.83634512493815 8.227663345999195 -1.119501502703977 -7.243360390230422 
-4.4170908613027455 9.394249692372753 -1.108003924179203 -8.186599196366807 -5.811888672349416 -1.387462717449087 
-8.956799069437347 -1.7263004354494773 -1.7537354263725928 4.8022893892673055 11.214869430830172 -9.255972583783553 
4.909632709650858 -8.833734832622474 -2.4218375015877998 -9.58750659343361 -6.512863051279972 -2.288034805281917 

